t1 = 
   -63    -7   -15   -23   -31   -39   -47   -55
   -62    -6   -14   -22   -30   -38   -46   -54
   -61    -5   -13   -21   -29   -37   -45   -53
   -60    -4   -12   -20   -28   -36   -44   -52
   -59    -3   -11   -19   -27   -35   -43   -51
   -58    -2   -10   -18   -26   -34   -42   -50
   -57    -1    -9   -17   -25   -33   -41   -49
   -56     0    -8   -16   -24   -32   -40   -48
    57     1     9    17    25    33    41    49
    58     2    10    18    26    34    42    50
    59     3    11    19    27    35    43    51
    60     4    12    20    28    36    44    52
    61     5    13    21    29    37    45    53
    62     6    14    22    30    38    46    54
    63     7    15    23    31    39    47    55
    64     8    16    24    32    40    48    56
