t1 = 
   -63   -55    -7   -15   -23   -31   -39   -47
   -62   -54    -6   -14   -22   -30   -38   -46
   -61   -53    -5   -13   -21   -29   -37   -45
   -60   -52    -4   -12   -20   -28   -36   -44
   -59   -51    -3   -11   -19   -27   -35   -43
   -58   -50    -2   -10   -18   -26   -34   -42
   -57   -49    -1    -9   -17   -25   -33   -41
   -56   -48     0    -8   -16   -24   -32   -40
    57    49     1     9    17    25    33    41
    58    50     2    10    18    26    34    42
    59    51     3    11    19    27    35    43
    60    52     4    12    20    28    36    44
    61    53     5    13    21    29    37    45
    62    54     6    14    22    30    38    46
    63    55     7    15    23    31    39    47
    64    56     8    16    24    32    40    48
