t1 = 
   -11   -23   -35   -47   -59   -71   -83   -95
   -10   -22   -34   -46   -58   -70   -82   -94
    -9   -21   -33   -45   -57   -69   -81   -93
    -8   -20   -32   -44   -56   -68   -80   -92
    -7   -19   -31   -43   -55   -67   -79   -91
    -6   -18   -30   -42   -54   -66   -78   -90
    -5   -17   -29   -41   -53   -65   -77   -89
    -4   -16   -28   -40   -52   -64   -76   -88
    -3   -15   -27   -39   -51   -63   -75   -87
    -2   -14   -26   -38   -50   -62   -74   -86
    -1   -13   -25   -37   -49   -61   -73   -85
     0   -12   -24   -36   -48   -60   -72   -84
     1    13    25    37    49    61    73    85
     2    14    26    38    50    62    74    86
     3    15    27    39    51    63    75    87
     4    16    28    40    52    64    76    88
     5    17    29    41    53    65    77    89
     6    18    30    42    54    66    78    90
     7    19    31    43    55    67    79    91
     8    20    32    44    56    68    80    92
     9    21    33    45    57    69    81    93
    10    22    34    46    58    70    82    94
    11    23    35    47    59    71    83    95
    12    24    36    48    60    72    84    96
