t1 = 
   -63   -15   -31   -47
   -62   -14   -30   -46
   -61   -13   -29   -45
   -60   -12   -28   -44
   -59   -11   -27   -43
   -58   -10   -26   -42
   -57    -9   -25   -41
   -56    -8   -24   -40
   -55    -7   -23   -39
   -54    -6   -22   -38
   -53    -5   -21   -37
   -52    -4   -20   -36
   -51    -3   -19   -35
   -50    -2   -18   -34
   -49    -1   -17   -33
   -48     0   -16   -32
    49     1    17    33
    50     2    18    34
    51     3    19    35
    52     4    20    36
    53     5    21    37
    54     6    22    38
    55     7    23    39
    56     8    24    40
    57     9    25    41
    58    10    26    42
    59    11    27    43
    60    12    28    44
    61    13    29    45
    62    14    30    46
    63    15    31    47
    64    16    32    48
