t1 = 
   -63   -47   -15   -31
   -62   -46   -14   -30
   -61   -45   -13   -29
   -60   -44   -12   -28
   -59   -43   -11   -27
   -58   -42   -10   -26
   -57   -41    -9   -25
   -56   -40    -8   -24
   -55   -39    -7   -23
   -54   -38    -6   -22
   -53   -37    -5   -21
   -52   -36    -4   -20
   -51   -35    -3   -19
   -50   -34    -2   -18
   -49   -33    -1   -17
   -48   -32     0   -16
    49    33     1    17
    50    34     2    18
    51    35     3    19
    52    36     4    20
    53    37     5    21
    54    38     6    22
    55    39     7    23
    56    40     8    24
    57    41     9    25
    58    42    10    26
    59    43    11    27
    60    44    12    28
    61    45    13    29
    62    46    14    30
    63    47    15    31
    64    48    16    32
