t1 = 
   -95   -83   -71   -59   -11   -23   -35   -47
   -94   -82   -70   -58   -10   -22   -34   -46
   -93   -81   -69   -57    -9   -21   -33   -45
   -92   -80   -68   -56    -8   -20   -32   -44
   -91   -79   -67   -55    -7   -19   -31   -43
   -90   -78   -66   -54    -6   -18   -30   -42
   -89   -77   -65   -53    -5   -17   -29   -41
   -88   -76   -64   -52    -4   -16   -28   -40
   -87   -75   -63   -51    -3   -15   -27   -39
   -86   -74   -62   -50    -2   -14   -26   -38
   -85   -73   -61   -49    -1   -13   -25   -37
   -84   -72   -60   -48     0   -12   -24   -36
    85    73    61    49     1    13    25    37
    86    74    62    50     2    14    26    38
    87    75    63    51     3    15    27    39
    88    76    64    52     4    16    28    40
    89    77    65    53     5    17    29    41
    90    78    66    54     6    18    30    42
    91    79    67    55     7    19    31    43
    92    80    68    56     8    20    32    44
    93    81    69    57     9    21    33    45
    94    82    70    58    10    22    34    46
    95    83    71    59    11    23    35    47
    96    84    72    60    12    24    36    48
