t1 = 
   -95   -15   -31   -47   -63   -79
   -94   -14   -30   -46   -62   -78
   -93   -13   -29   -45   -61   -77
   -92   -12   -28   -44   -60   -76
   -91   -11   -27   -43   -59   -75
   -90   -10   -26   -42   -58   -74
   -89    -9   -25   -41   -57   -73
   -88    -8   -24   -40   -56   -72
   -87    -7   -23   -39   -55   -71
   -86    -6   -22   -38   -54   -70
   -85    -5   -21   -37   -53   -69
   -84    -4   -20   -36   -52   -68
   -83    -3   -19   -35   -51   -67
   -82    -2   -18   -34   -50   -66
   -81    -1   -17   -33   -49   -65
   -80     0   -16   -32   -48   -64
    81     1    17    33    49    65
    82     2    18    34    50    66
    83     3    19    35    51    67
    84     4    20    36    52    68
    85     5    21    37    53    69
    86     6    22    38    54    70
    87     7    23    39    55    71
    88     8    24    40    56    72
    89     9    25    41    57    73
    90    10    26    42    58    74
    91    11    27    43    59    75
    92    12    28    44    60    76
    93    13    29    45    61    77
    94    14    30    46    62    78
    95    15    31    47    63    79
    96    16    32    48    64    80
