t1 =
-63	-55	-47	-39	-31	 -7	-15	-23	
-62	-54	-46	-38	-30	 -6	-14	-22	
-61	-53	-45	-37	-29	 -5	-13	-21	
-60	-52	-44	-36	-28	 -4	-12	-20	
-59	-51	-43	-35	-27	 -3	-11	-19	
-58	-50	-42	-34	-26	 -2	-10	-18	
-57	-49	-41	-33	-25	 -1	 -9	-17	
-56	-48	-40	-32	-24	  0	 -8	-16	
 57	 49	 41	 33	 25	  1	  9	 17	
 58	 50	 42	 34	 26	  2	 10	 18	
 59	 51	 43	 35	 27	  3	 11	 19	
 60	 52	 44	 36	 28	  4	 12	 20	
 61	 53	 45	 37	 29	  5	 13	 21	
 62	 54	 46	 38	 30	  6	 14	 22	
 63	 55	 47	 39	 31	  7	 15	 23	
 64	 56	 48	 40	 32	  8	 16	 24	