t1 = 
   -95   -11   -23   -35   -47   -59   -71   -83
   -94   -10   -22   -34   -46   -58   -70   -82
   -93    -9   -21   -33   -45   -57   -69   -81
   -92    -8   -20   -32   -44   -56   -68   -80
   -91    -7   -19   -31   -43   -55   -67   -79
   -90    -6   -18   -30   -42   -54   -66   -78
   -89    -5   -17   -29   -41   -53   -65   -77
   -88    -4   -16   -28   -40   -52   -64   -76
   -87    -3   -15   -27   -39   -51   -63   -75
   -86    -2   -14   -26   -38   -50   -62   -74
   -85    -1   -13   -25   -37   -49   -61   -73
   -84     0   -12   -24   -36   -48   -60   -72
    85     1    13    25    37    49    61    73
    86     2    14    26    38    50    62    74
    87     3    15    27    39    51    63    75
    88     4    16    28    40    52    64    76
    89     5    17    29    41    53    65    77
    90     6    18    30    42    54    66    78
    91     7    19    31    43    55    67    79
    92     8    20    32    44    56    68    80
    93     9    21    33    45    57    69    81
    94    10    22    34    46    58    70    82
    95    11    23    35    47    59    71    83
    96    12    24    36    48    60    72    84
