t1 = 
   -95   -85   -75    -8   -18   -27   -37   -47   -56   -66
   -94   -84   -74    -7   -17   -26   -36   -46   -55   -65
   -93   -83   -73    -6   -16   -25   -35   -45   -54   -64
   -92   -82   -72    -5   -15   -24   -34   -44   -53   -63
   -91   -81   -71    -4   -14   -23   -33   -43   -52   -62
   -90   -80   -70    -3   -13   -22   -32   -42   -51   -61
   -89   -79   -69    -2   -12   -21   -31   -41   -50   -60
   -88   -78   -68    -1   -11   -20   -30   -40   -49   -59
   -87   -77   -67     0   -10   -19   -29   -39   -48   -58
    29    20    10     1    -9   -18   -28   -38   -47     1
    30    21    11    39    49    58    68    77    87     2
    31    22    12    40    50    59    69    78    88     3
    32    23    13    41    51    60    70    79    89     4
    33    24    14    42    52    61    71    80    90     5
    34    25    15    43    53    62    72    81    91     6
    35    26    16    44    54    63    73    82    92     7
    36    27    17    45    55    64    74    83    93     8
    37    28    18    46    56    65    75    84    94     9
    38    29    19    47    57    66    76    85    95    10
