t1 = 
   -63   -31
   -62   -30
   -61   -29
   -60   -28
   -59   -27
   -58   -26
   -57   -25
   -56   -24
   -55   -23
   -54   -22
   -53   -21
   -52   -20
   -51   -19
   -50   -18
   -49   -17
   -48   -16
   -47   -15
   -46   -14
   -45   -13
   -44   -12
   -43   -11
   -42   -10
   -41    -9
   -40    -8
   -39    -7
   -38    -6
   -37    -5
   -36    -4
   -35    -3
   -34    -2
   -33    -1
   -32     0
    33     1
    34     2
    35     3
    36     4
    37     5
    38     6
    39     7
    40     8
    41     9
    42    10
    43    11
    44    12
    45    13
    46    14
    47    15
    48    16
    49    17
    50    18
    51    19
    52    20
    53    21
    54    22
    55    23
    56    24
    57    25
    58    26
    59    27
    60    28
    61    29
    62    30
    63    31
    64    32
