t1 = 
   -63   -50   -37   -11   -24
   -62   -49   -36   -10   -23
   -61   -48   -35    -9   -22
   -60   -47   -34    -8   -21
   -59   -46   -33    -7   -20
   -58   -45   -32    -6   -19
   -57   -44   -31    -5   -18
   -56   -43   -30    -4   -17
   -55   -42   -29    -3   -16
   -54   -41   -28    -2   -15
   -53   -40   -27    -1   -14
   -52   -39   -26     0   -13
     1   -38   -25     1   -12
     2    52    39    13    26
     3    53    40    14    27
     4    54    41    15    28
     5    55    42    16    29
     6    56    43    17    30
     7    57    44    18    31
     8    58    45    19    32
     9    59    46    20    33
    10    60    47    21    34
    11    61    48    22    35
    12    62    49    23    36
    13    63    50    24    37
