t1 = 
   -11   -24   -37   -50   -63
   -10   -23   -36   -49   -62
    -9   -22   -35   -48   -61
    -8   -21   -34   -47   -60
    -7   -20   -33   -46   -59
    -6   -19   -32   -45   -58
    -5   -18   -31   -44   -57
    -4   -17   -30   -43   -56
    -3   -16   -29   -42   -55
    -2   -15   -28   -41   -54
    -1   -14   -27   -40   -53
     0   -13   -26   -39   -52
     1   -12   -25   -38     1
    13    26    39    52     2
    14    27    40    53     3
    15    28    41    54     4
    16    29    42    55     5
    17    30    43    56     6
    18    31    44    57     7
    19    32    45    58     8
    20    33    46    59     9
    21    34    47    60    10
    22    35    48    61    11
    23    36    49    62    12
    24    37    50    63    13
