t1 = 
   -63   -47   -31   -15
   -62   -46   -30   -14
   -61   -45   -29   -13
   -60   -44   -28   -12
   -59   -43   -27   -11
   -58   -42   -26   -10
   -57   -41   -25    -9
   -56   -40   -24    -8
   -55   -39   -23    -7
   -54   -38   -22    -6
   -53   -37   -21    -5
   -52   -36   -20    -4
   -51   -35   -19    -3
   -50   -34   -18    -2
   -49   -33   -17    -1
   -48   -32   -16     0
    49    33    17     1
    50    34    18     2
    51    35    19     3
    52    36    20     4
    53    37    21     5
    54    38    22     6
    55    39    23     7
    56    40    24     8
    57    41    25     9
    58    42    26    10
    59    43    27    11
    60    44    28    12
    61    45    29    13
    62    46    30    14
    63    47    31    15
    64    48    32    16
