t1 = 
   -63   -50   -37   -24   -11
   -62   -49   -36   -23   -10
   -61   -48   -35   -22    -9
   -60   -47   -34   -21    -8
   -59   -46   -33   -20    -7
   -58   -45   -32   -19    -6
   -57   -44   -31   -18    -5
   -56   -43   -30   -17    -4
   -55   -42   -29   -16    -3
   -54   -41   -28   -15    -2
   -53   -40   -27   -14    -1
   -52   -39   -26   -13     0
     1   -38   -25   -12     1
     2    52    39    26    13
     3    53    40    27    14
     4    54    41    28    15
     5    55    42    29    16
     6    56    43    30    17
     7    57    44    31    18
     8    58    45    32    19
     9    59    46    33    20
    10    60    47    34    21
    11    61    48    35    22
    12    62    49    36    23
    13    63    50    37    24
