t1 = 
    -4   -10   -16   -22   -28   -33   -39   -45   -51   -57   -63
    -3    -9   -15   -21   -27   -32   -38   -44   -50   -56   -62
    -2    -8   -14   -20   -26   -31   -37   -43   -49   -55   -61
    -1    -7   -13   -19   -25   -30   -36   -42   -48   -54   -60
     0    -6   -12   -18   -24   -29   -35   -41   -47   -53   -59
     1    -5   -11   -17   -23   -28   -34   -40   -46     1     6
    12    18    24    30    35    41    47    53    59     2     7
    13    19    25    31    36    42    48    54    60     3     8
    14    20    26    32    37    43    49    55    61     4     9
    15    21    27    33    38    44    50    56    62     5    10
    16    22    28    34    39    45    51    57    63     6    11
