t1 = 
   -95   -83   -71   -11   -23   -35   -47   -59
   -94   -82   -70   -10   -22   -34   -46   -58
   -93   -81   -69    -9   -21   -33   -45   -57
   -92   -80   -68    -8   -20   -32   -44   -56
   -91   -79   -67    -7   -19   -31   -43   -55
   -90   -78   -66    -6   -18   -30   -42   -54
   -89   -77   -65    -5   -17   -29   -41   -53
   -88   -76   -64    -4   -16   -28   -40   -52
   -87   -75   -63    -3   -15   -27   -39   -51
   -86   -74   -62    -2   -14   -26   -38   -50
   -85   -73   -61    -1   -13   -25   -37   -49
   -84   -72   -60     0   -12   -24   -36   -48
    85    73    61     1    13    25    37    49
    86    74    62     2    14    26    38    50
    87    75    63     3    15    27    39    51
    88    76    64     4    16    28    40    52
    89    77    65     5    17    29    41    53
    90    78    66     6    18    30    42    54
    91    79    67     7    19    31    43    55
    92    80    68     8    20    32    44    56
    93    81    69     9    21    33    45    57
    94    82    70    10    22    34    46    58
    95    83    71    11    23    35    47    59
    96    84    72    12    24    36    48    60
