t1 = 
  -127  -111   -95   -79   -63   -15   -31   -47
  -126  -110   -94   -78   -62   -14   -30   -46
  -125  -109   -93   -77   -61   -13   -29   -45
  -124  -108   -92   -76   -60   -12   -28   -44
  -123  -107   -91   -75   -59   -11   -27   -43
  -122  -106   -90   -74   -58   -10   -26   -42
  -121  -105   -89   -73   -57    -9   -25   -41
  -120  -104   -88   -72   -56    -8   -24   -40
  -119  -103   -87   -71   -55    -7   -23   -39
  -118  -102   -86   -70   -54    -6   -22   -38
  -117  -101   -85   -69   -53    -5   -21   -37
  -116  -100   -84   -68   -52    -4   -20   -36
  -115   -99   -83   -67   -51    -3   -19   -35
  -114   -98   -82   -66   -50    -2   -18   -34
  -113   -97   -81   -65   -49    -1   -17   -33
  -112   -96   -80   -64   -48     0   -16   -32
   113    97    81    65    49     1    17    33
   114    98    82    66    50     2    18    34
   115    99    83    67    51     3    19    35
   116   100    84    68    52     4    20    36
   117   101    85    69    53     5    21    37
   118   102    86    70    54     6    22    38
   119   103    87    71    55     7    23    39
   120   104    88    72    56     8    24    40
   121   105    89    73    57     9    25    41
   122   106    90    74    58    10    26    42
   123   107    91    75    59    11    27    43
   124   108    92    76    60    12    28    44
   125   109    93    77    61    13    29    45
   126   110    94    78    62    14    30    46
   127   111    95    79    63    15    31    47
   128   112    96    80    64    16    32    48
