t1 =
-127	-119	-111	-103	-95	 -7	-15	-23	-31	-39	-47	-55	-63	-71	-79	-87	
-126	-118	-110	-102	-94	 -6	-14	-22	-30	-38	-46	-54	-62	-70	-78	-86	
-125	-117	-109	-101	-93	 -5	-13	-21	-29	-37	-45	-53	-61	-69	-77	-85	
-124	-116	-108	-100	-92	 -4	-12	-20	-28	-36	-44	-52	-60	-68	-76	-84	
-123	-115	-107	-99	-91	 -3	-11	-19	-27	-35	-43	-51	-59	-67	-75	-83	
-122	-114	-106	-98	-90	 -2	-10	-18	-26	-34	-42	-50	-58	-66	-74	-82	
-121	-113	-105	-97	-89	 -1	 -9	-17	-25	-33	-41	-49	-57	-65	-73	-81	
-120	-112	-104	-96	-88	  0	 -8	-16	-24	-32	-40	-48	-56	-64	-72	-80	
121	113	105	 97	 89	  1	  9	 17	 25	 33	 41	 49	 57	 65	 73	 81	
122	114	106	 98	 90	  2	 10	 18	 26	 34	 42	 50	 58	 66	 74	 82	
123	115	107	 99	 91	  3	 11	 19	 27	 35	 43	 51	 59	 67	 75	 83	
124	116	108	100	 92	  4	 12	 20	 28	 36	 44	 52	 60	 68	 76	 84	
125	117	109	101	 93	  5	 13	 21	 29	 37	 45	 53	 61	 69	 77	 85	
126	118	110	102	 94	  6	 14	 22	 30	 38	 46	 54	 62	 70	 78	 86	
127	119	111	103	 95	  7	 15	 23	 31	 39	 47	 55	 63	 71	 79	 87	
128	120	112	104	 96	  8	 16	 24	 32	 40	 48	 56	 64	 72	 80	 88	