t1 = 
  -127  -111   -95   -79   -15   -31   -47   -63
  -126  -110   -94   -78   -14   -30   -46   -62
  -125  -109   -93   -77   -13   -29   -45   -61
  -124  -108   -92   -76   -12   -28   -44   -60
  -123  -107   -91   -75   -11   -27   -43   -59
  -122  -106   -90   -74   -10   -26   -42   -58
  -121  -105   -89   -73    -9   -25   -41   -57
  -120  -104   -88   -72    -8   -24   -40   -56
  -119  -103   -87   -71    -7   -23   -39   -55
  -118  -102   -86   -70    -6   -22   -38   -54
  -117  -101   -85   -69    -5   -21   -37   -53
  -116  -100   -84   -68    -4   -20   -36   -52
  -115   -99   -83   -67    -3   -19   -35   -51
  -114   -98   -82   -66    -2   -18   -34   -50
  -113   -97   -81   -65    -1   -17   -33   -49
  -112   -96   -80   -64     0   -16   -32   -48
   113    97    81    65     1    17    33    49
   114    98    82    66     2    18    34    50
   115    99    83    67     3    19    35    51
   116   100    84    68     4    20    36    52
   117   101    85    69     5    21    37    53
   118   102    86    70     6    22    38    54
   119   103    87    71     7    23    39    55
   120   104    88    72     8    24    40    56
   121   105    89    73     9    25    41    57
   122   106    90    74    10    26    42    58
   123   107    91    75    11    27    43    59
   124   108    92    76    12    28    44    60
   125   109    93    77    13    29    45    61
   126   110    94    78    14    30    46    62
   127   111    95    79    15    31    47    63
   128   112    96    80    16    32    48    64
