t1 =
-127	-119	-111	 -7	-15	-23	-31	-39	-47	-55	-63	-71	-79	-87	-95	-103	
-126	-118	-110	 -6	-14	-22	-30	-38	-46	-54	-62	-70	-78	-86	-94	-102	
-125	-117	-109	 -5	-13	-21	-29	-37	-45	-53	-61	-69	-77	-85	-93	-101	
-124	-116	-108	 -4	-12	-20	-28	-36	-44	-52	-60	-68	-76	-84	-92	-100	
-123	-115	-107	 -3	-11	-19	-27	-35	-43	-51	-59	-67	-75	-83	-91	-99	
-122	-114	-106	 -2	-10	-18	-26	-34	-42	-50	-58	-66	-74	-82	-90	-98	
-121	-113	-105	 -1	 -9	-17	-25	-33	-41	-49	-57	-65	-73	-81	-89	-97	
-120	-112	-104	  0	 -8	-16	-24	-32	-40	-48	-56	-64	-72	-80	-88	-96	
121	113	105	  1	  9	 17	 25	 33	 41	 49	 57	 65	 73	 81	 89	 97	
122	114	106	  2	 10	 18	 26	 34	 42	 50	 58	 66	 74	 82	 90	 98	
123	115	107	  3	 11	 19	 27	 35	 43	 51	 59	 67	 75	 83	 91	 99	
124	116	108	  4	 12	 20	 28	 36	 44	 52	 60	 68	 76	 84	 92	100	
125	117	109	  5	 13	 21	 29	 37	 45	 53	 61	 69	 77	 85	 93	101	
126	118	110	  6	 14	 22	 30	 38	 46	 54	 62	 70	 78	 86	 94	102	
127	119	111	  7	 15	 23	 31	 39	 47	 55	 63	 71	 79	 87	 95	103	
128	120	112	  8	 16	 24	 32	 40	 48	 56	 64	 72	 80	 88	 96	104	