t1 = 
  -127  -108   -90   -17   -35   -53   -72
  -126  -107   -89   -16   -34   -52   -71
  -125  -106   -88   -15   -33   -51   -70
  -124  -105   -87   -14   -32   -50   -69
  -123  -104   -86   -13   -31   -49   -68
  -122  -103   -85   -12   -30   -48   -67
  -121  -102   -84   -11   -29   -47   -66
  -120  -101   -83   -10   -28   -46   -65
  -119  -100   -82    -9   -27   -45   -64
  -118   -99   -81    -8   -26   -44   -63
  -117   -98   -80    -7   -25   -43   -62
  -116   -97   -79    -6   -24   -42   -61
  -115   -96   -78    -5   -23   -41   -60
  -114   -95   -77    -4   -22   -40   -59
  -113   -94   -76    -3   -21   -39   -58
  -112   -93   -75    -2   -20   -38   -57
  -111   -92   -74    -1   -19   -37   -56
  -110   -91   -73     0   -18   -36   -55
    74    55    37     1   -17     1    19
    75    56    38    92   110     2    20
    76    57    39    93   111     3    21
    77    58    40    94   112     4    22
    78    59    41    95   113     5    23
    79    60    42    96   114     6    24
    80    61    43    97   115     7    25
    81    62    44    98   116     8    26
    82    63    45    99   117     9    27
    83    64    46   100   118    10    28
    84    65    47   101   119    11    29
    85    66    48   102   120    12    30
    86    67    49   103   121    13    31
    87    68    50   104   122    14    32
    88    69    51   105   123    15    33
    89    70    52   106   124    16    34
    90    71    53   107   125    17    35
    91    72    54   108   126    18    36
