t1 = 
  -127  -105   -84   -20   -41   -63
  -126  -104   -83   -19   -40   -62
  -125  -103   -82   -18   -39   -61
  -124  -102   -81   -17   -38   -60
  -123  -101   -80   -16   -37   -59
  -122  -100   -79   -15   -36   -58
  -121   -99   -78   -14   -35   -57
  -120   -98   -77   -13   -34   -56
  -119   -97   -76   -12   -33   -55
  -118   -96   -75   -11   -32   -54
  -117   -95   -74   -10   -31   -53
  -116   -94   -73    -9   -30   -52
  -115   -93   -72    -8   -29   -51
  -114   -92   -71    -7   -28   -50
  -113   -91   -70    -6   -27   -49
  -112   -90   -69    -5   -26   -48
  -111   -89   -68    -4   -25   -47
  -110   -88   -67    -3   -24   -46
  -109   -87   -66    -2   -23   -45
  -108   -86   -65    -1   -22   -44
  -107   -85   -64     0   -21   -43
    65    43    22     1   -20     1
    66    44    23    86   107     2
    67    45    24    87   108     3
    68    46    25    88   109     4
    69    47    26    89   110     5
    70    48    27    90   111     6
    71    49    28    91   112     7
    72    50    29    92   113     8
    73    51    30    93   114     9
    74    52    31    94   115    10
    75    53    32    95   116    11
    76    54    33    96   117    12
    77    55    34    97   118    13
    78    56    35    98   119    14
    79    57    36    99   120    15
    80    58    37   100   121    16
    81    59    38   101   122    17
    82    60    39   102   123    18
    83    61    40   103   124    19
    84    62    41   104   125    20
    85    63    42   105   126    21
