t1 =
-127	-119	-111	-103	-95	-87	-79	 -7	-15	-23	-31	-39	-47	-55	-63	-71	
-126	-118	-110	-102	-94	-86	-78	 -6	-14	-22	-30	-38	-46	-54	-62	-70	
-125	-117	-109	-101	-93	-85	-77	 -5	-13	-21	-29	-37	-45	-53	-61	-69	
-124	-116	-108	-100	-92	-84	-76	 -4	-12	-20	-28	-36	-44	-52	-60	-68	
-123	-115	-107	-99	-91	-83	-75	 -3	-11	-19	-27	-35	-43	-51	-59	-67	
-122	-114	-106	-98	-90	-82	-74	 -2	-10	-18	-26	-34	-42	-50	-58	-66	
-121	-113	-105	-97	-89	-81	-73	 -1	 -9	-17	-25	-33	-41	-49	-57	-65	
-120	-112	-104	-96	-88	-80	-72	  0	 -8	-16	-24	-32	-40	-48	-56	-64	
121	113	105	 97	 89	 81	 73	  1	  9	 17	 25	 33	 41	 49	 57	 65	
122	114	106	 98	 90	 82	 74	  2	 10	 18	 26	 34	 42	 50	 58	 66	
123	115	107	 99	 91	 83	 75	  3	 11	 19	 27	 35	 43	 51	 59	 67	
124	116	108	100	 92	 84	 76	  4	 12	 20	 28	 36	 44	 52	 60	 68	
125	117	109	101	 93	 85	 77	  5	 13	 21	 29	 37	 45	 53	 61	 69	
126	118	110	102	 94	 86	 78	  6	 14	 22	 30	 38	 46	 54	 62	 70	
127	119	111	103	 95	 87	 79	  7	 15	 23	 31	 39	 47	 55	 63	 71	
128	120	112	104	 96	 88	 80	  8	 16	 24	 32	 40	 48	 56	 64	 72	