t1 = 
  -127   -95   -63   -31
  -126   -94   -62   -30
  -125   -93   -61   -29
  -124   -92   -60   -28
  -123   -91   -59   -27
  -122   -90   -58   -26
  -121   -89   -57   -25
  -120   -88   -56   -24
  -119   -87   -55   -23
  -118   -86   -54   -22
  -117   -85   -53   -21
  -116   -84   -52   -20
  -115   -83   -51   -19
  -114   -82   -50   -18
  -113   -81   -49   -17
  -112   -80   -48   -16
  -111   -79   -47   -15
  -110   -78   -46   -14
  -109   -77   -45   -13
  -108   -76   -44   -12
  -107   -75   -43   -11
  -106   -74   -42   -10
  -105   -73   -41    -9
  -104   -72   -40    -8
  -103   -71   -39    -7
  -102   -70   -38    -6
  -101   -69   -37    -5
  -100   -68   -36    -4
   -99   -67   -35    -3
   -98   -66   -34    -2
   -97   -65   -33    -1
   -96   -64   -32     0
    97    65    33     1
    98    66    34     2
    99    67    35     3
   100    68    36     4
   101    69    37     5
   102    70    38     6
   103    71    39     7
   104    72    40     8
   105    73    41     9
   106    74    42    10
   107    75    43    11
   108    76    44    12
   109    77    45    13
   110    78    46    14
   111    79    47    15
   112    80    48    16
   113    81    49    17
   114    82    50    18
   115    83    51    19
   116    84    52    20
   117    85    53    21
   118    86    54    22
   119    87    55    23
   120    88    56    24
   121    89    57    25
   122    90    58    26
   123    91    59    27
   124    92    60    28
   125    93    61    29
   126    94    62    30
   127    95    63    31
   128    96    64    32
