t1 = 
  -127  -116  -105   -95   -84    -9   -20   -31   -41   -52   -63   -73
  -126  -115  -104   -94   -83    -8   -19   -30   -40   -51   -62   -72
  -125  -114  -103   -93   -82    -7   -18   -29   -39   -50   -61   -71
  -124  -113  -102   -92   -81    -6   -17   -28   -38   -49   -60   -70
  -123  -112  -101   -91   -80    -5   -16   -27   -37   -48   -59   -69
  -122  -111  -100   -90   -79    -4   -15   -26   -36   -47   -58   -68
  -121  -110   -99   -89   -78    -3   -14   -25   -35   -46   -57   -67
  -120  -109   -98   -88   -77    -2   -13   -24   -34   -45   -56   -66
  -119  -108   -97   -87   -76    -1   -12   -23   -33   -44   -55   -65
  -118  -107   -96   -86   -75     0   -11   -22   -32   -43   -54   -64
    33    22    11     1   -74     1   -10   -21   -31   -42   -53   -63
    34    23    12     2   118    43    54    65    75    86    97   107
    35    24    13     3   119    44    55    66    76    87    98   108
    36    25    14     4   120    45    56    67    77    88    99   109
    37    26    15     5   121    46    57    68    78    89   100   110
    38    27    16     6   122    47    58    69    79    90   101   111
    39    28    17     7   123    48    59    70    80    91   102   112
    40    29    18     8   124    49    60    71    81    92   103   113
    41    30    19     9   125    50    61    72    82    93   104   114
    42    31    20    10   126    51    62    73    83    94   105   115
    43    32    21    11   127    52    63    74    84    95   106   116
