t1 = 
  -127  -116  -105    -9   -20   -31   -41   -52   -63   -73   -84   -95
  -126  -115  -104    -8   -19   -30   -40   -51   -62   -72   -83   -94
  -125  -114  -103    -7   -18   -29   -39   -50   -61   -71   -82   -93
  -124  -113  -102    -6   -17   -28   -38   -49   -60   -70   -81   -92
  -123  -112  -101    -5   -16   -27   -37   -48   -59   -69   -80   -91
  -122  -111  -100    -4   -15   -26   -36   -47   -58   -68   -79   -90
  -121  -110   -99    -3   -14   -25   -35   -46   -57   -67   -78   -89
  -120  -109   -98    -2   -13   -24   -34   -45   -56   -66   -77   -88
  -119  -108   -97    -1   -12   -23   -33   -44   -55   -65   -76   -87
  -118  -107   -96     0   -11   -22   -32   -43   -54   -64   -75   -86
    33    22    11     1   -10   -21   -31   -42   -53   -63   -74     1
    34    23    12    43    54    65    75    86    97   107   118     2
    35    24    13    44    55    66    76    87    98   108   119     3
    36    25    14    45    56    67    77    88    99   109   120     4
    37    26    15    46    57    68    78    89   100   110   121     5
    38    27    16    47    58    69    79    90   101   111   122     6
    39    28    17    48    59    70    80    91   102   112   123     7
    40    29    18    49    60    71    81    92   103   113   124     8
    41    30    19    50    61    72    82    93   104   114   125     9
    42    31    20    51    62    73    83    94   105   115   126    10
    43    32    21    52    63    74    84    95   106   116   127    11
