t1 = 
  -127  -119  -111  -103   -95   -87   -79   -71   -63   -55   -47    -7   -15   -23   -31   -39
  -126  -118  -110  -102   -94   -86   -78   -70   -62   -54   -46    -6   -14   -22   -30   -38
  -125  -117  -109  -101   -93   -85   -77   -69   -61   -53   -45    -5   -13   -21   -29   -37
  -124  -116  -108  -100   -92   -84   -76   -68   -60   -52   -44    -4   -12   -20   -28   -36
  -123  -115  -107   -99   -91   -83   -75   -67   -59   -51   -43    -3   -11   -19   -27   -35
  -122  -114  -106   -98   -90   -82   -74   -66   -58   -50   -42    -2   -10   -18   -26   -34
  -121  -113  -105   -97   -89   -81   -73   -65   -57   -49   -41    -1    -9   -17   -25   -33
  -120  -112  -104   -96   -88   -80   -72   -64   -56   -48   -40     0    -8   -16   -24   -32
   121   113   105    97    89    81    73    65    57    49    41     1     9    17    25    33
   122   114   106    98    90    82    74    66    58    50    42     2    10    18    26    34
   123   115   107    99    91    83    75    67    59    51    43     3    11    19    27    35
   124   116   108   100    92    84    76    68    60    52    44     4    12    20    28    36
   125   117   109   101    93    85    77    69    61    53    45     5    13    21    29    37
   126   118   110   102    94    86    78    70    62    54    46     6    14    22    30    38
   127   119   111   103    95    87    79    71    63    55    47     7    15    23    31    39
   128   120   112   104    96    88    80    72    64    56    48     8    16    24    32    40
