t1 = 
  -127  -114  -101   -11   -24   -37   -50   -63   -75   -88
  -126  -113  -100   -10   -23   -36   -49   -62   -74   -87
  -125  -112   -99    -9   -22   -35   -48   -61   -73   -86
  -124  -111   -98    -8   -21   -34   -47   -60   -72   -85
  -123  -110   -97    -7   -20   -33   -46   -59   -71   -84
  -122  -109   -96    -6   -19   -32   -45   -58   -70   -83
  -121  -108   -95    -5   -18   -31   -44   -57   -69   -82
  -120  -107   -94    -4   -17   -30   -43   -56   -68   -81
  -119  -106   -93    -3   -16   -29   -42   -55   -67   -80
  -118  -105   -92    -2   -15   -28   -41   -54   -66   -79
  -117  -104   -91    -1   -14   -27   -40   -53   -65   -78
  -116  -103   -90     0   -13   -26   -39   -52   -64   -77
    13     1   -89     1   -12   -25   -38   -51   -63   -76
    14     2   116    26    39    52    65    77    90   103
    15     3   117    27    40    53    66    78    91   104
    16     4   118    28    41    54    67    79    92   105
    17     5   119    29    42    55    68    80    93   106
    18     6   120    30    43    56    69    81    94   107
    19     7   121    31    44    57    70    82    95   108
    20     8   122    32    45    58    71    83    96   109
    21     9   123    33    46    59    72    84    97   110
    22    10   124    34    47    60    73    85    98   111
    23    11   125    35    48    61    74    86    99   112
    24    12   126    36    49    62    75    87   100   113
    25    13   127    37    50    63    76    88   101   114
