t1 =
-127	-119	-111	-103	-95	-87	-79	-71	-63	-55	-47	-39	-31	-23	-15	 -7	
-126	-118	-110	-102	-94	-86	-78	-70	-62	-54	-46	-38	-30	-22	-14	 -6	
-125	-117	-109	-101	-93	-85	-77	-69	-61	-53	-45	-37	-29	-21	-13	 -5	
-124	-116	-108	-100	-92	-84	-76	-68	-60	-52	-44	-36	-28	-20	-12	 -4	
-123	-115	-107	-99	-91	-83	-75	-67	-59	-51	-43	-35	-27	-19	-11	 -3	
-122	-114	-106	-98	-90	-82	-74	-66	-58	-50	-42	-34	-26	-18	-10	 -2	
-121	-113	-105	-97	-89	-81	-73	-65	-57	-49	-41	-33	-25	-17	 -9	 -1	
-120	-112	-104	-96	-88	-80	-72	-64	-56	-48	-40	-32	-24	-16	 -8	  0	
121	113	105	 97	 89	 81	 73	 65	 57	 49	 41	 33	 25	 17	  9	  1	
122	114	106	 98	 90	 82	 74	 66	 58	 50	 42	 34	 26	 18	 10	  2	
123	115	107	 99	 91	 83	 75	 67	 59	 51	 43	 35	 27	 19	 11	  3	
124	116	108	100	 92	 84	 76	 68	 60	 52	 44	 36	 28	 20	 12	  4	
125	117	109	101	 93	 85	 77	 69	 61	 53	 45	 37	 29	 21	 13	  5	
126	118	110	102	 94	 86	 78	 70	 62	 54	 46	 38	 30	 22	 14	  6	
127	119	111	103	 95	 87	 79	 71	 63	 55	 47	 39	 31	 23	 15	  7	
128	120	112	104	 96	 88	 80	 72	 64	 56	 48	 40	 32	 24	 16	  8	