t1 = 
    -7   -15   -23   -31   -39   -47   -55   -63   -71   -79   -87   -95  -103  -111  -119  -127
    -6   -14   -22   -30   -38   -46   -54   -62   -70   -78   -86   -94  -102  -110  -118  -126
    -5   -13   -21   -29   -37   -45   -53   -61   -69   -77   -85   -93  -101  -109  -117  -125
    -4   -12   -20   -28   -36   -44   -52   -60   -68   -76   -84   -92  -100  -108  -116  -124
    -3   -11   -19   -27   -35   -43   -51   -59   -67   -75   -83   -91   -99  -107  -115  -123
    -2   -10   -18   -26   -34   -42   -50   -58   -66   -74   -82   -90   -98  -106  -114  -122
    -1    -9   -17   -25   -33   -41   -49   -57   -65   -73   -81   -89   -97  -105  -113  -121
     0    -8   -16   -24   -32   -40   -48   -56   -64   -72   -80   -88   -96  -104  -112  -120
     1     9    17    25    33    41    49    57    65    73    81    89    97   105   113   121
     2    10    18    26    34    42    50    58    66    74    82    90    98   106   114   122
     3    11    19    27    35    43    51    59    67    75    83    91    99   107   115   123
     4    12    20    28    36    44    52    60    68    76    84    92   100   108   116   124
     5    13    21    29    37    45    53    61    69    77    85    93   101   109   117   125
     6    14    22    30    38    46    54    62    70    78    86    94   102   110   118   126
     7    15    23    31    39    47    55    63    71    79    87    95   103   111   119   127
     8    16    24    32    40    48    56    64    72    80    88    96   104   112   120   128
