t1 = 
  -127   -20   -41   -63   -84  -105
  -126   -19   -40   -62   -83  -104
  -125   -18   -39   -61   -82  -103
  -124   -17   -38   -60   -81  -102
  -123   -16   -37   -59   -80  -101
  -122   -15   -36   -58   -79  -100
  -121   -14   -35   -57   -78   -99
  -120   -13   -34   -56   -77   -98
  -119   -12   -33   -55   -76   -97
  -118   -11   -32   -54   -75   -96
  -117   -10   -31   -53   -74   -95
  -116    -9   -30   -52   -73   -94
  -115    -8   -29   -51   -72   -93
  -114    -7   -28   -50   -71   -92
  -113    -6   -27   -49   -70   -91
  -112    -5   -26   -48   -69   -90
  -111    -4   -25   -47   -68   -89
  -110    -3   -24   -46   -67   -88
  -109    -2   -23   -45   -66   -87
  -108    -1   -22   -44   -65   -86
  -107     0   -21   -43   -64   -85
    65     1   -20     1    22    43
    66    86   107     2    23    44
    67    87   108     3    24    45
    68    88   109     4    25    46
    69    89   110     5    26    47
    70    90   111     6    27    48
    71    91   112     7    28    49
    72    92   113     8    29    50
    73    93   114     9    30    51
    74    94   115    10    31    52
    75    95   116    11    32    53
    76    96   117    12    33    54
    77    97   118    13    34    55
    78    98   119    14    35    56
    79    99   120    15    36    57
    80   100   121    16    37    58
    81   101   122    17    38    59
    82   102   123    18    39    60
    83   103   124    19    40    61
    84   104   125    20    41    62
    85   105   126    21    42    63
