t1 = 
   -63  -127
   -62  -126
   -61  -125
   -60  -124
   -59  -123
   -58  -122
   -57  -121
   -56  -120
   -55  -119
   -54  -118
   -53  -117
   -52  -116
   -51  -115
   -50  -114
   -49  -113
   -48  -112
   -47  -111
   -46  -110
   -45  -109
   -44  -108
   -43  -107
   -42  -106
   -41  -105
   -40  -104
   -39  -103
   -38  -102
   -37  -101
   -36  -100
   -35   -99
   -34   -98
   -33   -97
   -32   -96
   -31   -95
   -30   -94
   -29   -93
   -28   -92
   -27   -91
   -26   -90
   -25   -89
   -24   -88
   -23   -87
   -22   -86
   -21   -85
   -20   -84
   -19   -83
   -18   -82
   -17   -81
   -16   -80
   -15   -79
   -14   -78
   -13   -77
   -12   -76
   -11   -75
   -10   -74
    -9   -73
    -8   -72
    -7   -71
    -6   -70
    -5   -69
    -4   -68
    -3   -67
    -2   -66
    -1   -65
     0   -64
     1    65
     2    66
     3    67
     4    68
     5    69
     6    70
     7    71
     8    72
     9    73
    10    74
    11    75
    12    76
    13    77
    14    78
    15    79
    16    80
    17    81
    18    82
    19    83
    20    84
    21    85
    22    86
    23    87
    24    88
    25    89
    26    90
    27    91
    28    92
    29    93
    30    94
    31    95
    32    96
    33    97
    34    98
    35    99
    36   100
    37   101
    38   102
    39   103
    40   104
    41   105
    42   106
    43   107
    44   108
    45   109
    46   110
    47   111
    48   112
    49   113
    50   114
    51   115
    52   116
    53   117
    54   118
    55   119
    56   120
    57   121
    58   122
    59   123
    60   124
    61   125
    62   126
    63   127
    64   128
