t1 =
-127	-119	-111	-103	-95	-87	-79	-71	-63	 -7	-15	-23	-31	-39	-47	-55	
-126	-118	-110	-102	-94	-86	-78	-70	-62	 -6	-14	-22	-30	-38	-46	-54	
-125	-117	-109	-101	-93	-85	-77	-69	-61	 -5	-13	-21	-29	-37	-45	-53	
-124	-116	-108	-100	-92	-84	-76	-68	-60	 -4	-12	-20	-28	-36	-44	-52	
-123	-115	-107	-99	-91	-83	-75	-67	-59	 -3	-11	-19	-27	-35	-43	-51	
-122	-114	-106	-98	-90	-82	-74	-66	-58	 -2	-10	-18	-26	-34	-42	-50	
-121	-113	-105	-97	-89	-81	-73	-65	-57	 -1	 -9	-17	-25	-33	-41	-49	
-120	-112	-104	-96	-88	-80	-72	-64	-56	  0	 -8	-16	-24	-32	-40	-48	
121	113	105	 97	 89	 81	 73	 65	 57	  1	  9	 17	 25	 33	 41	 49	
122	114	106	 98	 90	 82	 74	 66	 58	  2	 10	 18	 26	 34	 42	 50	
123	115	107	 99	 91	 83	 75	 67	 59	  3	 11	 19	 27	 35	 43	 51	
124	116	108	100	 92	 84	 76	 68	 60	  4	 12	 20	 28	 36	 44	 52	
125	117	109	101	 93	 85	 77	 69	 61	  5	 13	 21	 29	 37	 45	 53	
126	118	110	102	 94	 86	 78	 70	 62	  6	 14	 22	 30	 38	 46	 54	
127	119	111	103	 95	 87	 79	 71	 63	  7	 15	 23	 31	 39	 47	 55	
128	120	112	104	 96	 88	 80	 72	 64	  8	 16	 24	 32	 40	 48	 56	