t1 = 
  -191  -159  -127   -31   -63   -95
  -190  -158  -126   -30   -62   -94
  -189  -157  -125   -29   -61   -93
  -188  -156  -124   -28   -60   -92
  -187  -155  -123   -27   -59   -91
  -186  -154  -122   -26   -58   -90
  -185  -153  -121   -25   -57   -89
  -184  -152  -120   -24   -56   -88
  -183  -151  -119   -23   -55   -87
  -182  -150  -118   -22   -54   -86
  -181  -149  -117   -21   -53   -85
  -180  -148  -116   -20   -52   -84
  -179  -147  -115   -19   -51   -83
  -178  -146  -114   -18   -50   -82
  -177  -145  -113   -17   -49   -81
  -176  -144  -112   -16   -48   -80
  -175  -143  -111   -15   -47   -79
  -174  -142  -110   -14   -46   -78
  -173  -141  -109   -13   -45   -77
  -172  -140  -108   -12   -44   -76
  -171  -139  -107   -11   -43   -75
  -170  -138  -106   -10   -42   -74
  -169  -137  -105    -9   -41   -73
  -168  -136  -104    -8   -40   -72
  -167  -135  -103    -7   -39   -71
  -166  -134  -102    -6   -38   -70
  -165  -133  -101    -5   -37   -69
  -164  -132  -100    -4   -36   -68
  -163  -131   -99    -3   -35   -67
  -162  -130   -98    -2   -34   -66
  -161  -129   -97    -1   -33   -65
  -160  -128   -96     0   -32   -64
   161   129    97     1    33    65
   162   130    98     2    34    66
   163   131    99     3    35    67
   164   132   100     4    36    68
   165   133   101     5    37    69
   166   134   102     6    38    70
   167   135   103     7    39    71
   168   136   104     8    40    72
   169   137   105     9    41    73
   170   138   106    10    42    74
   171   139   107    11    43    75
   172   140   108    12    44    76
   173   141   109    13    45    77
   174   142   110    14    46    78
   175   143   111    15    47    79
   176   144   112    16    48    80
   177   145   113    17    49    81
   178   146   114    18    50    82
   179   147   115    19    51    83
   180   148   116    20    52    84
   181   149   117    21    53    85
   182   150   118    22    54    86
   183   151   119    23    55    87
   184   152   120    24    56    88
   185   153   121    25    57    89
   186   154   122    26    58    90
   187   155   123    27    59    91
   188   156   124    28    60    92
   189   157   125    29    61    93
   190   158   126    30    62    94
   191   159   127    31    63    95
   192   160   128    32    64    96
