t1 = 
  -191  -167  -143   -23   -47   -71   -95  -119
  -190  -166  -142   -22   -46   -70   -94  -118
  -189  -165  -141   -21   -45   -69   -93  -117
  -188  -164  -140   -20   -44   -68   -92  -116
  -187  -163  -139   -19   -43   -67   -91  -115
  -186  -162  -138   -18   -42   -66   -90  -114
  -185  -161  -137   -17   -41   -65   -89  -113
  -184  -160  -136   -16   -40   -64   -88  -112
  -183  -159  -135   -15   -39   -63   -87  -111
  -182  -158  -134   -14   -38   -62   -86  -110
  -181  -157  -133   -13   -37   -61   -85  -109
  -180  -156  -132   -12   -36   -60   -84  -108
  -179  -155  -131   -11   -35   -59   -83  -107
  -178  -154  -130   -10   -34   -58   -82  -106
  -177  -153  -129    -9   -33   -57   -81  -105
  -176  -152  -128    -8   -32   -56   -80  -104
  -175  -151  -127    -7   -31   -55   -79  -103
  -174  -150  -126    -6   -30   -54   -78  -102
  -173  -149  -125    -5   -29   -53   -77  -101
  -172  -148  -124    -4   -28   -52   -76  -100
  -171  -147  -123    -3   -27   -51   -75   -99
  -170  -146  -122    -2   -26   -50   -74   -98
  -169  -145  -121    -1   -25   -49   -73   -97
  -168  -144  -120     0   -24   -48   -72   -96
   169   145   121     1    25    49    73    97
   170   146   122     2    26    50    74    98
   171   147   123     3    27    51    75    99
   172   148   124     4    28    52    76   100
   173   149   125     5    29    53    77   101
   174   150   126     6    30    54    78   102
   175   151   127     7    31    55    79   103
   176   152   128     8    32    56    80   104
   177   153   129     9    33    57    81   105
   178   154   130    10    34    58    82   106
   179   155   131    11    35    59    83   107
   180   156   132    12    36    60    84   108
   181   157   133    13    37    61    85   109
   182   158   134    14    38    62    86   110
   183   159   135    15    39    63    87   111
   184   160   136    16    40    64    88   112
   185   161   137    17    41    65    89   113
   186   162   138    18    42    66    90   114
   187   163   139    19    43    67    91   115
   188   164   140    20    44    68    92   116
   189   165   141    21    45    69    93   117
   190   166   142    22    46    70    94   118
   191   167   143    23    47    71    95   119
   192   168   144    24    48    72    96   120
