t1 = 
  -255  -223  -191   -31   -63   -95  -127  -159
  -254  -222  -190   -30   -62   -94  -126  -158
  -253  -221  -189   -29   -61   -93  -125  -157
  -252  -220  -188   -28   -60   -92  -124  -156
  -251  -219  -187   -27   -59   -91  -123  -155
  -250  -218  -186   -26   -58   -90  -122  -154
  -249  -217  -185   -25   -57   -89  -121  -153
  -248  -216  -184   -24   -56   -88  -120  -152
  -247  -215  -183   -23   -55   -87  -119  -151
  -246  -214  -182   -22   -54   -86  -118  -150
  -245  -213  -181   -21   -53   -85  -117  -149
  -244  -212  -180   -20   -52   -84  -116  -148
  -243  -211  -179   -19   -51   -83  -115  -147
  -242  -210  -178   -18   -50   -82  -114  -146
  -241  -209  -177   -17   -49   -81  -113  -145
  -240  -208  -176   -16   -48   -80  -112  -144
  -239  -207  -175   -15   -47   -79  -111  -143
  -238  -206  -174   -14   -46   -78  -110  -142
  -237  -205  -173   -13   -45   -77  -109  -141
  -236  -204  -172   -12   -44   -76  -108  -140
  -235  -203  -171   -11   -43   -75  -107  -139
  -234  -202  -170   -10   -42   -74  -106  -138
  -233  -201  -169    -9   -41   -73  -105  -137
  -232  -200  -168    -8   -40   -72  -104  -136
  -231  -199  -167    -7   -39   -71  -103  -135
  -230  -198  -166    -6   -38   -70  -102  -134
  -229  -197  -165    -5   -37   -69  -101  -133
  -228  -196  -164    -4   -36   -68  -100  -132
  -227  -195  -163    -3   -35   -67   -99  -131
  -226  -194  -162    -2   -34   -66   -98  -130
  -225  -193  -161    -1   -33   -65   -97  -129
  -224  -192  -160     0   -32   -64   -96  -128
   225   193   161     1    33    65    97   129
   226   194   162     2    34    66    98   130
   227   195   163     3    35    67    99   131
   228   196   164     4    36    68   100   132
   229   197   165     5    37    69   101   133
   230   198   166     6    38    70   102   134
   231   199   167     7    39    71   103   135
   232   200   168     8    40    72   104   136
   233   201   169     9    41    73   105   137
   234   202   170    10    42    74   106   138
   235   203   171    11    43    75   107   139
   236   204   172    12    44    76   108   140
   237   205   173    13    45    77   109   141
   238   206   174    14    46    78   110   142
   239   207   175    15    47    79   111   143
   240   208   176    16    48    80   112   144
   241   209   177    17    49    81   113   145
   242   210   178    18    50    82   114   146
   243   211   179    19    51    83   115   147
   244   212   180    20    52    84   116   148
   245   213   181    21    53    85   117   149
   246   214   182    22    54    86   118   150
   247   215   183    23    55    87   119   151
   248   216   184    24    56    88   120   152
   249   217   185    25    57    89   121   153
   250   218   186    26    58    90   122   154
   251   219   187    27    59    91   123   155
   252   220   188    28    60    92   124   156
   253   221   189    29    61    93   125   157
   254   222   190    30    62    94   126   158
   255   223   191    31    63    95   127   159
   256   224   192    32    64    96   128   160
