t1 = 
   -47   -41   -35    -5   -11   -17   -23   -29
   -46   -40   -34    -4   -10   -16   -22   -28
   -45   -39   -33    -3    -9   -15   -21   -27
   -44   -38   -32    -2    -8   -14   -20   -26
   -43   -37   -31    -1    -7   -13   -19   -25
   -42   -36   -30     0    -6   -12   -18   -24
    43    37    31     1     7    13    19    25
    44    38    32     2     8    14    20    26
    45    39    33     3     9    15    21    27
    46    40    34     4    10    16    22    28
    47    41    35     5    11    17    23    29
    48    42    36     6    12    18    24    30
