t1 = 
    -5   -11   -17   -23   -29   -35   -41   -47
    -4   -10   -16   -22   -28   -34   -40   -46
    -3    -9   -15   -21   -27   -33   -39   -45
    -2    -8   -14   -20   -26   -32   -38   -44
    -1    -7   -13   -19   -25   -31   -37   -43
     0    -6   -12   -18   -24   -30   -36   -42
     1     7    13    19    25    31    37    43
     2     8    14    20    26    32    38    44
     3     9    15    21    27    33    39    45
     4    10    16    22    28    34    40    46
     5    11    17    23    29    35    41    47
     6    12    18    24    30    36    42    48
