t1 = 
   -47   -41    -5   -11   -17   -23   -29   -35
   -46   -40    -4   -10   -16   -22   -28   -34
   -45   -39    -3    -9   -15   -21   -27   -33
   -44   -38    -2    -8   -14   -20   -26   -32
   -43   -37    -1    -7   -13   -19   -25   -31
   -42   -36     0    -6   -12   -18   -24   -30
    43    37     1     7    13    19    25    31
    44    38     2     8    14    20    26    32
    45    39     3     9    15    21    27    33
    46    40     4    10    16    22    28    34
    47    41     5    11    17    23    29    35
    48    42     6    12    18    24    30    36
