t1 = 
   -47    -5   -11   -17   -23   -29   -35   -41
   -46    -4   -10   -16   -22   -28   -34   -40
   -45    -3    -9   -15   -21   -27   -33   -39
   -44    -2    -8   -14   -20   -26   -32   -38
   -43    -1    -7   -13   -19   -25   -31   -37
   -42     0    -6   -12   -18   -24   -30   -36
    43     1     7    13    19    25    31    37
    44     2     8    14    20    26    32    38
    45     3     9    15    21    27    33    39
    46     4    10    16    22    28    34    40
    47     5    11    17    23    29    35    41
    48     6    12    18    24    30    36    42
